0.001552 0.998411 0.000010 0.000017 0.000010
0.979148 0.000010 0.000010 0.020822 0.000010
0.313647 0.000097 0.686236 0.000010 0.000010
0.000010 0.000010 0.015416 0.698876 0.285688
0.892209 0.000010 0.076003 0.000010 0.031768
0.000012 0.150479 0.018005 0.000010 0.831494
0.000010 0.002216 0.997343 0.000010 0.000422
0.993778 0.000010 0.006192 0.000010 0.000010
0.051621 0.000010 0.000010 0.948349 0.000010
0.000010 0.000010 0.000010 0.000010 0.999960
0.000010 0.000010 0.999960 0.000010 0.000010
0.999960 0.000010 0.000010 0.000010 0.000010
0.008462 0.000010 0.000010 0.000010 0.991508
0.000010 0.000010 0.000010 0.999960 0.000010
0.999956 0.000010 0.000010 0.000014 0.000010
0.032483 0.967487 0.000010 0.000010 0.000010
0.986895 0.013075 0.000010 0.000010 0.000010
0.033302 0.000010 0.863241 0.044468 0.058979
0.000921 0.000941 0.000010 0.000010 0.998118
0.000010 0.000010 0.000012 0.999958 0.000010
0.000010 0.284372 0.000369 0.715240 0.000010
0.000010 0.926174 0.000863 0.072943 0.000010
0.000010 0.000010 0.040175 0.954966 0.004838
0.003810 0.994268 0.000010 0.000010 0.001902
