0.000010 0.999970 0.000010 0.000010
0.000010 0.999970 0.000010 0.000010
0.000010 0.000010 0.303854 0.696126
0.999279 0.000010 0.000701 0.000010
0.000010 0.951533 0.048447 0.000010
0.092122 0.000010 0.907858 0.000010
0.964444 0.000010 0.035536 0.000010
0.000010 0.891897 0.000010 0.108083
0.129837 0.000010 0.000010 0.870143
0.000010 0.999970 0.000010 0.000010
0.000010 0.000010 0.000010 0.999970
0.000010 0.000010 0.999970 0.000010
0.000010 0.992799 0.000010 0.007181
0.000010 0.000010 0.000010 0.999970
0.022037 0.000010 0.977943 0.000010
0.994238 0.000010 0.000010 0.005742
0.017366 0.000010 0.982614 0.000010
0.977547 0.000010 0.022433 0.000010
0.000010 0.000336 0.000010 0.999644
0.999153 0.000010 0.000010 0.000827
0.321142 0.678838 0.000010 0.000010
0.000010 0.779539 0.082101 0.138350
0.000010 0.004127 0.000010 0.995853
0.000010 0.000010 0.999970 0.000010
